"customer_id","first_name","last_name","email","phone","address","customer_type","created_date","updated_date"
1,"Janet","Harris","raylauren@example.net","(755)837-1478","155 Williamson Via Suite 991","renter","2024-12-05",NULL
2,"Lawrence","Allen","whiteheather@example.net","(969)629-66278282","57905 Todd Fields","renter","2025-05-11",NULL
3,"Tamara","Wagner","fortiz@example.com","001-677-421-9034043","788 Ashley Grove Suite 807","renter","2024-07-20",NULL
4,"Veronica","Garcia","kennethkidd@example.com","451-571-3395962","95849 Mario Squares","seller","2023-10-16",NULL
5,"Ashley","Farley","taylorkaren@example.com","9424232536","667 Cynthia Trafficway Apt. 684","renter","2024-12-30",NULL
6,"Natalie","Gibson","amurphy@example.net","975-618-6363","5892 Kramer Springs Apt. 017","renter","2022-12-17",NULL
7,"Sarah","Moore","bsmith@example.org","001-824-624-1541520","1103 Miller Ramp","renter","2023-08-04",NULL
8,"Erin","Smith","lisa62@example.com","436-811-1554","218 Chelsey Expressway","seller","2024-03-26",NULL
9,"Jennifer","Fuller","samanthajensen@example.com","7114219656","1389 Maxwell Spurs","buyer","2022-12-29",NULL
10,"Melanie","Liu","aprilhicks@example.net","(740)737-61379180","9658 Kathryn Trail","renter","2023-02-17",NULL
11,"Brenda","Smith","billbrown@example.com","348566618892414","569 Kyle Mews","buyer","2025-02-07",NULL
12,"Meghan","Brown","middletondarren@example.net","+1-604-421-0202758","41056 Warren Greens Apt. 778","buyer","2023-12-29",NULL
13,"Victor","Bradley","eric19@example.net","001-413-280-00307562","53654 Ashley Crest Apt. 238","buyer","2025-11-09",NULL
14,"Stephanie","Jones","xcline@example.com","918-570-534949375","06038 Fields Square","buyer","2025-07-18",NULL
15,"Stephanie","Smith","usweeney@example.com","338-236-7024","657 Beverly Parkways","renter","2023-04-25",NULL
16,"Lori","Jones","grahamtamara@example.org","345-465-57431329","77561 Oconnell Fords","seller","2024-04-08",NULL
17,"Steven","Phelps","mooregina@example.net","001-690-635-2135680","67883 Steven Unions","renter","2025-04-18",NULL
18,"David","Brown","davidcolon@example.com","+1-219-994-101372151","96670 Vega Extensions","seller","2023-12-22",NULL
19,"Rebekah","Hill","cstephenson@example.net","+1-493-847-6870146","838 Veronica Tunnel","renter","2025-01-19",NULL
20,"Timothy","Harrington","roberta85@example.com","520-459-3040785","34803 Kelly Villages","renter","2025-11-20",NULL
21,"Glenn","Young","linda59@example.org","001-259-392-9378427","93087 Martin Ridges","buyer","2023-07-08",NULL
22,"David","Love","brian29@example.net","(718)651-5691","26752 Walker Radial Apt. 644","seller","2023-04-18",NULL
23,"Jessica","Rush","xrosales@example.net","4297593917","55215 Smith Fords","renter","2023-08-30",NULL
24,"Carlos","Scott","lebrandon@example.com","001-462-967-65861793","40541 Matthew Lane","seller","2023-05-25",NULL
25,"Charles","Mcmahon","morgantricia@example.com","001-806-629-6201533","3106 Hernandez Lake Apt. 614","seller","2025-05-20",NULL
26,"Colleen","Castillo","johnsongeorge@example.com","871-446-7741","5270 Gonzales Greens Apt. 490","renter","2023-05-14",NULL
27,"Heather","Davis","lindsey69@example.org","+1-906-686-8793","0898 David Throughway","seller","2024-04-05",NULL
28,"Stacy","Jackson","lindseymartinez@example.com","863-829-4511","8709 Rodriguez Drive Apt. 999","renter","2025-03-10",NULL
29,"Sheila","Buckley","floydmikayla@example.com","(846)279-970246299","3074 Smith Viaduct Suite 447","renter","2025-06-27",NULL
30,"Gail","Compton","dennismccann@example.com","001-454-369-13736785","862 Glenn Wells Apt. 030","buyer","2024-04-13",NULL
31,"Samantha","Bush","micheal78@example.com","+1-710-435-79727985","140 Williams Walk Apt. 333","buyer","2023-09-20",NULL
32,"Robert","Smith","wellsdavid@example.org","+1-503-949-4466574","896 Adrian Shore Suite 899","seller","2023-10-05",NULL
33,"Gabrielle","Olson","vanessa54@example.com","+1-643-628-30965207","6099 Matthew Station Apt. 875","buyer","2024-06-08",NULL
34,"Megan","Pittman","kellyruiz@example.net","682-651-3534655","70999 Thomas Fields Apt. 684","seller","2024-02-25",NULL
35,"Monica","Hernandez","matthewbenitez@example.com","(252)917-5250","29271 Christina Roads Suite 667","renter","2024-01-24",NULL
36,"Benjamin","Gonzalez","stephanie58@example.org","6034354216","44789 Hamilton Spur","buyer","2025-11-25",NULL
37,"Matthew","Valenzuela","karen26@example.org","7322309821","489 Brittney Causeway Apt. 001","renter","2024-02-29",NULL
38,"Omar","Kelley","nmiles@example.net","+1-304-661-849926189","73934 Michael Lodge","buyer","2023-10-19",NULL
39,"Benjamin","Crawford","haleycastillo@example.org","3013197218","374 Marshall Courts Apt. 045","buyer","2025-04-26",NULL
40,"Larry","Rodgers","yorkpamela@example.org","(725)457-9415","6746 Marsh Run","buyer","2025-07-28",NULL
41,"Garrett","Anderson","jarvismegan@example.org","(397)897-296590277","14508 Tiffany Skyway Suite 889","renter","2023-03-14",NULL
42,"Dorothy","Wright","elizabeth62@example.net","+1-700-628-7721753","386 Montoya Common","seller","2024-04-16",NULL
43,"Laurie","West","hwest@example.com","001-501-966-08801994","0375 Moran Lakes Suite 113","buyer","2022-12-02",NULL
44,"Michael","Schultz","amy51@example.org","(372)861-4933","3516 Sara Villages","renter","2024-12-05",NULL
45,"David","Snow","gbarrett@example.org","30880869782922","669 Joshua Junctions Suite 722","seller","2024-02-25",NULL
46,"Holly","Goodman","megan85@example.net","001-383-733-94522885","968 Rich Manors Apt. 810","seller","2024-01-21",NULL
47,"Brian","Brown","karen24@example.net","520-843-8057198","406 Butler Turnpike","buyer","2025-11-03",NULL
48,"Larry","Arnold","manningjames@example.com","4593893347","81606 Hawkins Curve","renter","2023-05-25",NULL
49,"Meghan","Smith","jmckinney@example.org","(759)309-4798","328 Kristie Estate Suite 886","renter","2023-03-10",NULL
50,"Jeffrey","Lewis","mark43@example.net","378801573993056","408 Robertson Pass Suite 704","seller","2025-08-10",NULL
51,"James","Palmer","jacksonstephanie@example.net","+1-801-333-6138","75011 Gregory Glen","renter","2024-08-02",NULL
52,"Bailey","Perez","rickey76@example.com","606-618-091901581","7660 Moore Forges","seller","2023-04-28",NULL
53,"Peter","Salinas","susan24@example.net","001-350-688-21009968","536 Eugene Forges","seller","2024-10-06",NULL
54,"Johnny","Wilson","yorksarah@example.net","4815414139755","9135 Hayes Ridges","seller","2024-11-21",NULL
55,"Heather","Hernandez","lindsey62@example.org","333-464-525777547","2834 Jessica Brook","buyer","2025-06-18",NULL
56,"Crystal","Hess","nhammond@example.org","+1-648-487-2563","816 Shaw Shore Apt. 928","renter","2023-05-02",NULL
57,"Erik","Knight","jillwebb@example.com","5377314530","7005 Jane Pike Suite 498","buyer","2024-08-15",NULL
58,"Nicholas","Gray","blacknicholas@example.org","665557790827231","25913 Shepherd Stravenue","seller","2023-04-03",NULL
59,"Emma","Mendoza","deborahjenkins@example.org","4292922809","2869 Natalie Stream","renter","2024-11-24",NULL
60,"Justin","Miller","eobrien@example.com","(636)492-9298","9913 Cruz Coves Apt. 388","renter","2024-12-19",NULL
61,"Margaret","Jacobs","thomasmendez@example.org","+1-881-817-2980","86376 Chapman Streets Apt. 624","seller","2024-05-05",NULL
62,"Jesse","Trevino","carmen86@example.com","5007981806","1269 Green Plain Suite 959","renter","2023-09-28",NULL
63,"Erin","Fischer","jarnold@example.com","(858)487-4495","372 Jason Locks","seller","2025-04-09",NULL
64,"Lauren","Mendez","martintamara@example.org","727-396-1143","669 Dawson Ranch","seller","2023-01-31",NULL
65,"Kim","Thompson","mgonzales@example.net","443309883920530","5669 April Street Apt. 184","seller","2025-02-02",NULL
66,"Angie","Aguilar","sylvia43@example.net","3763904268","1848 Benson Lane Suite 357","seller","2024-12-16",NULL
67,"Peggy","Atkins","ewilson@example.com","+1-833-756-58804341","275 Robinson Ports","renter","2023-09-20",NULL
68,"Stacey","Vega","victorgonzalez@example.net","3433333952","790 Melanie Landing","buyer","2024-10-10",NULL
69,"Travis","Galloway","travis84@example.com","7928086780","1875 Alexander Fords","renter","2024-01-19",NULL
70,"Craig","Ward","jacob43@example.com","99545276365564","314 Angela Walks","buyer","2024-01-21",NULL
71,"Dustin","Haley","thomassmith@example.com","42828574489061","7175 Ward Points","renter","2024-08-02",NULL
72,"Lisa","Cooper","rmartinez@example.net","9999824558","9472 Danielle Junction","seller","2024-03-06",NULL
73,"Cheryl","Sullivan","millermatthew@example.com","244-496-475987622","413 Randy Court","renter","2023-02-07",NULL
74,"Natasha","Kelley","wisealexandria@example.org","649-921-6433","82005 Lin Mountain","renter","2025-11-02",NULL
75,"Amber","Nelson","staylor@example.net","(799)979-6884","74564 Kevin Alley","renter","2024-06-25",NULL
76,"Katherine","Taylor","taylor07@example.com","806-549-30853686","663 Miller Road","seller","2023-08-19",NULL
77,"Kathy","Kent","justin84@example.com","6129241797","0208 Jacob Cove","buyer","2023-10-05",NULL
78,"David","Gonzales","halledward@example.com","3564475705","6187 James Ville","renter","2023-08-31",NULL
79,"Patrick","Smith","paulproctor@example.org","001-303-671-83764520","435 Michelle Forge Apt. 365","seller","2022-12-16",NULL
80,"Laura","Richards","amccormick@example.org","001-379-725-1327","52812 Hall Point","buyer","2025-04-12",NULL
81,"Katherine","Trujillo","bquinn@example.net","(452)740-77848739","749 Casey Drives Suite 448","seller","2024-01-06",NULL
82,"Aaron","Little","bgross@example.net","(693)751-8638782","511 Bradley Curve Apt. 031","buyer","2024-05-14",NULL
83,"Corey","Duncan","hbarrett@example.net","001-994-205-3910371","650 Rice Street Apt. 413","seller","2025-10-17",NULL
84,"Colton","Hardy","hlopez@example.net","9928886195","28685 Amanda Rapid","seller","2024-03-29",NULL
85,"Michael","Edwards","megan66@example.net","293-698-368457760","240 Joyce Forest","seller","2025-06-24",NULL
86,"Andrew","Short","samantha88@example.net","001-721-507-5224","4196 Jessica Stream","seller","2023-11-20",NULL
87,"Timothy","Freeman","larsonkevin@example.net","001-561-205-5661","48058 Mark Square Apt. 206","seller","2025-10-29",NULL
88,"Karen","Johnston","walkerkeith@example.com","(625)317-9086","622 Hansen Oval Suite 938","renter","2024-10-05",NULL
89,"Jill","Sanchez","adamsrussell@example.net","001-711-266-5535","59792 Williams Viaduct Apt. 352","renter","2025-03-09",NULL
90,"Melissa","Rodriguez","sanchezchristine@example.org","605-914-77053833","069 Jonathan Circle","buyer","2023-10-07",NULL
91,"Kristina","Williamson","marshallsierra@example.org","(345)410-46368157","780 John Pines","renter","2023-10-30",NULL
92,"Tracy","Garner","reedmichael@example.net","838-440-46084325","689 Robert Ports","seller","2023-05-16",NULL
93,"Tara","Browning","shane23@example.net","(498)432-4826","88125 Jessica Track Suite 664","seller","2024-03-29",NULL
94,"Sarah","Shannon","edwin31@example.org","(509)594-9993","1728 Joseph Landing","renter","2023-06-19",NULL
95,"Paul","Wells","jamesjohnson@example.org","563-833-1279757","96569 Abigail Mission Suite 038","buyer","2024-07-11",NULL
96,"Tonya","Williams","oblack@example.org","6472644726","7181 Kimberly Square","buyer","2024-07-20",NULL
97,"Phillip","Morris","whitebrittany@example.net","9717452111","689 Nicholas Light","buyer","2023-01-17",NULL
98,"George","Rogers","fernandothomas@example.net","5642474212","77780 Young Radial Suite 767","renter","2023-02-25",NULL
99,"Carol","Sanchez","christine83@example.org","(620)750-2099","16224 Tammy Summit","seller","2024-08-25",NULL
100,"Sarah","Davis","marcus61@example.com","+1-814-572-1458","019 Timothy Spurs","buyer","2024-09-22",NULL
101,"Kristin","Mann","ulynch@example.com","699552997877293","07139 Gutierrez Isle","buyer","2023-12-18",NULL
102,"Linda","Lewis","hannahking@example.org","448-585-01556990","7702 Moore Mount Suite 760","buyer","2025-06-02",NULL
103,"Kevin","Hardy","angela03@example.net","+1-455-312-405682996","504 Miller Wells Apt. 574","seller","2023-07-24",NULL
104,"Kevin","Rodriguez","stricklandrobin@example.com","407582357845218","6810 Randolph Spur","seller","2025-06-16",NULL
105,"Monica","Cook","garciakatie@example.net","309-643-53344857","41098 Jamie Keys","buyer","2024-07-24",NULL
106,"Joseph","Harding","audrey21@example.com","+1-358-870-2070160","99795 Cook Flat Apt. 792","seller","2023-03-11",NULL
107,"Leah","Hale","bryantgabrielle@example.net","001-977-233-29456255","1577 Justin Keys","buyer","2024-09-22",NULL
108,"David","Garcia","nguyendebra@example.com","+1-476-996-3938","53966 Stephens Freeway Apt. 197","renter","2023-04-04",NULL
109,"Caitlin","Nguyen","shortgregory@example.com","591-496-5701","27846 Gonzalez Springs","buyer","2025-07-18",NULL
110,"Kevin","Bauer","samantha65@example.org","001-209-286-2405","40369 Garrett Station Suite 666","renter","2024-07-19",NULL
111,"Elaine","Wells","angelabridges@example.com","(824)922-010276212","278 Arnold Mission Suite 532","seller","2024-03-09",NULL
112,"Adrian","Jimenez","jenniferadams@example.net","001-950-309-7519","847 Alexandra Ridge","buyer","2023-03-06",NULL
113,"Thomas","Harmon","suttonamber@example.net","790-658-07787956","09494 Crystal Prairie Apt. 904","seller","2025-05-04",NULL
114,"Claudia","Mitchell","martinezchase@example.com","929-744-4019292","3728 Matthew Corner","buyer","2025-10-25",NULL
115,"Caitlin","Underwood","amullins@example.com","2724395041","7478 Noah Squares Suite 742","renter","2024-07-03",NULL
116,"Ryan","Roberts","ureyes@example.net","+1-801-985-694544149","938 Byrd Falls","seller","2023-11-08",NULL
117,"Alex","Smith","smithconnor@example.org","+1-375-334-430091093","269 Paula Square","seller","2023-06-19",NULL
118,"Kenneth","Guerrero","fowlersandra@example.com","001-465-942-14066504","3962 Rodriguez Plains","buyer","2025-03-21",NULL
119,"Jeffery","Schneider","gbaldwin@example.org","219-847-0720","56908 Mendoza Lodge Apt. 830","seller","2024-01-25",NULL
120,"Hannah","Chan","bradleysavannah@example.com","246-801-585174328","6157 Nicole Mill","renter","2025-02-12",NULL
121,"Donald","Lee","tracybrown@example.net","+1-547-987-00505061","931 Jill Overpass","renter","2024-11-15",NULL
122,"Thomas","Hardin","sanchezdeborah@example.org","(304)317-9291","931 Ronald Valleys Suite 519","buyer","2024-07-20",NULL
123,"Marc","Oconnell","kathrynwatkins@example.com","914-526-2582","19620 Miller Avenue","buyer","2023-06-14",NULL
124,"Christopher","Pearson","robert72@example.org","(448)976-3290","456 Angela Fields","seller","2023-04-07",NULL
125,"Alyssa","Davis","michelle88@example.org","2347031277220","64597 Dan Center Apt. 207","renter","2024-06-16",NULL
126,"Chad","Young","uwatkins@example.com","5538153136","79706 Javier Ridge","seller","2024-04-11",NULL
127,"Paul","Taylor","crystalcantrell@example.org","620-490-421776253","831 Vincent Overpass","renter","2025-07-01",NULL
128,"Javier","Wells","uramirez@example.com","001-233-956-93929060","8671 Simpson Corner","renter","2024-08-03",NULL
129,"Alexander","Dennis","davidphillips@example.net","907-942-7990","625 Padilla Alley","buyer","2025-06-29",NULL
130,"Chad","Barry","alyssa46@example.com","001-398-893-1950850","9055 Deborah Squares Apt. 832","seller","2025-11-09",NULL
131,"John","Wilson","wmclaughlin@example.net","001-733-955-4864015","817 Hayes Land Apt. 371","renter","2023-02-25",NULL
132,"Rachael","Roberts","rodriguezjoshua@example.net","(472)938-0468","7043 Andrew Unions Apt. 856","buyer","2024-08-25",NULL
133,"Diana","Buchanan","swatkins@example.net","+1-577-949-2424","0254 Huber River Apt. 842","renter","2025-10-31",NULL
134,"Mary","Schwartz","evanwilson@example.com","001-727-745-2380","7828 Martinez Burg","buyer","2024-02-16",NULL
135,"Victor","Thomas","jreilly@example.org","001-988-254-74929751","814 Richard Ville","buyer","2023-07-29",NULL
136,"Michael","Nguyen","brandywalker@example.com","9017871863","562 Wood Landing","buyer","2022-12-13",NULL
137,"Michael","Parker","fsawyer@example.org","001-576-674-26629912","519 Davis Lodge Suite 628","seller","2024-04-19",NULL
138,"Ashley","Melendez","jacobjames@example.net","60499478730024","462 Knox Rue","buyer","2023-08-25",NULL
139,"David","Ramirez","georgemichael@example.com","001-664-471-5890","57252 Joseph Manor","buyer","2024-10-27",NULL
140,"Stephanie","Williams","alyssa18@example.org","001-721-492-85544518","84576 Mccall Estates","renter","2023-03-22",NULL
141,"Eric","Walker","laurahansen@example.net","488916711207545","40132 Hailey Inlet Apt. 321","buyer","2024-03-09",NULL
142,"Kathryn","Rodriguez","hamptonkatherine@example.org","2103890714","011 Briana Flats Apt. 501","renter","2023-05-08",NULL
143,"Julie","Ramirez","michael89@example.org","591919083342801","927 Henry Knoll Suite 638","renter","2023-08-06",NULL
144,"Daniel","Rollins","owensapril@example.com","001-954-580-15716479","6317 White Spring Suite 167","seller","2024-06-24",NULL
145,"Erica","Wilson","lmorales@example.org","001-621-653-53961367","7967 Hernandez Motorway Apt. 147","buyer","2024-05-28",NULL
146,"Courtney","Taylor","rojasmaria@example.com","+1-902-569-524991187","778 Daniels Valleys Apt. 061","buyer","2024-01-24",NULL
147,"Leonard","Bennett","ljohnson@example.net","+1-942-976-246719788","064 Garza Lane","renter","2024-10-06",NULL
148,"Michael","Levine","bryan90@example.org","(259)505-6165565","49114 Matthew Brooks","seller","2024-07-12",NULL
149,"Benjamin","Barrett","abradley@example.com","3799056965","357 Jackson Hills","buyer","2024-01-02",NULL
150,"Ryan","Crawford","pittmanamanda@example.com","604-396-3919195","3514 Reynolds Plains Suite 366","seller","2023-09-01",NULL
151,"Zachary","Powers","nicoleburton@example.net","(297)537-4896","2324 Jenkins Wall Apt. 364","renter","2025-05-20",NULL
152,"Debbie","Scott","richardwilson@example.org","5344778660","04482 Tamara Oval Apt. 015","buyer","2024-09-19",NULL
153,"Michelle","Lester","qmosley@example.net","662-931-9818","91559 Shaffer Summit","seller","2023-08-15",NULL
154,"Rodney","Thomas","jasonhill@example.com","690-478-5158673","5409 Mckenzie Shore Apt. 348","buyer","2024-01-25",NULL
155,"Danielle","Haynes","nicholsjoel@example.com","(206)644-13432756","7656 Madison Square","buyer","2023-09-12",NULL
156,"Carl","Fisher","shawn00@example.net","+1-527-420-63459112","7724 Grace Views Suite 431","seller","2024-02-27",NULL
157,"Hunter","Walter","andrewjohnson@example.net","+1-693-417-34206969","2910 Ayala Motorway","buyer","2025-05-24",NULL
158,"Troy","Walker","jamesatkins@example.com","476-226-39343626","3973 Aguilar Rue Suite 107","renter","2023-04-24",NULL
159,"Marcus","Steele","jennifererickson@example.net","+1-241-218-0053759","964 Lambert Curve Apt. 924","buyer","2023-06-04",NULL
160,"Trevor","Morgan","uanderson@example.net","662741502745644","57287 Jacob Center Apt. 207","buyer","2023-09-11",NULL
161,"Janice","Graham","wwilliams@example.net","+1-577-671-2151","84993 Alicia Ports","seller","2023-06-15",NULL
162,"Samantha","Sanchez","vrhodes@example.org","616-259-15201777","97592 Michelle Unions Suite 501","seller","2024-07-21",NULL
163,"Carrie","Davis","gregory61@example.org","8266642147","1583 Griffin Loaf","seller","2024-05-05",NULL
164,"Anna","Henderson","nshepherd@example.org","(961)808-573278814","4224 Alexandra Hill","buyer","2024-08-14",NULL
165,"Andrea","Lowery","dixonrobert@example.com","+1-294-354-918017226","459 Todd Mission Suite 523","seller","2023-06-20",NULL
166,"Julie","Munoz","hamiltonandrew@example.com","702-877-6974","22031 Heather Field Apt. 372","buyer","2024-11-11",NULL
167,"Ryan","Garrett","christophercarrillo@example.org","56061227770793","50166 Mclaughlin Ranch Suite 076","renter","2024-05-15",NULL
168,"Brittany","Carr","dhall@example.net","3699581467","6024 Taylor Mill Apt. 839","renter","2025-08-22",NULL
169,"Matthew","Guzman","sanderson@example.net","001-466-557-2934172","716 Torres Fords","buyer","2024-08-01",NULL
170,"Yvette","Howard","michael22@example.net","5159619318","5084 Melissa Well Apt. 077","buyer","2025-10-20",NULL
171,"Katelyn","Villegas","colonbobby@example.org","(313)452-4787","2137 Hammond Avenue Apt. 754","renter","2024-06-05",NULL
172,"Christopher","Watson","qward@example.org","(786)232-6667","08115 Morales Trail Apt. 606","renter","2025-03-11",NULL
173,"Donna","May","levinetina@example.net","946568455048926","563 Miller Plain Suite 628","buyer","2025-11-21",NULL
174,"Justin","Davis","adrienne20@example.org","+1-794-634-6810","01749 Shawn Freeway Apt. 544","renter","2024-11-29",NULL
175,"Lisa","Armstrong","jenniferstone@example.org","858-893-5712","06273 Miller Springs","renter","2024-06-28",NULL
176,"Brianna","Stone","lwiggins@example.com","+1-367-576-22827728","0285 Carolyn Lodge Apt. 159","buyer","2023-10-13",NULL
177,"Alexandra","Wilson","vickie44@example.com","4229960443","85106 Berry Port","seller","2024-04-08",NULL
178,"Matthew","Bennett","kathleenwagner@example.com","001-277-925-19966365","120 Hoffman Crossing Apt. 398","seller","2024-08-23",NULL
179,"Brian","Hudson","karenshaw@example.org","382-704-3397","070 Kim Mall Apt. 856","renter","2023-09-07",NULL
180,"Danny","Garcia","justinwhite@example.org","(246)620-9520","52654 David Crest Apt. 339","buyer","2024-09-02",NULL
181,"Trevor","Goodwin","ravery@example.org","578-461-706304891","671 Krista Divide Suite 823","renter","2024-07-11",NULL
182,"Rodney","Buck","dwilliams@example.net","620-207-49465398","891 Davis Square","renter","2023-04-13",NULL
183,"Donald","Hawkins","natalie39@example.net","254-974-355379502","26876 Kristin Run","buyer","2024-11-12",NULL
184,"Amanda","Stafford","wchambers@example.com","+1-256-620-1753703","19433 Coffey Camp Suite 793","seller","2022-12-07",NULL
185,"Tracey","Little","kaneashley@example.com","(483)399-9219","9384 Melanie Brooks","renter","2025-11-21",NULL
186,"Heather","Patel","erin70@example.com","+1-505-266-41877580","8750 Lee Common Apt. 361","renter","2025-08-31",NULL
187,"James","Murphy","garrettcolin@example.com","(309)954-317350583","791 Terri Bypass","seller","2024-01-17",NULL
188,"Pamela","Steele","bryanlang@example.org","896-511-08046619","6769 Matthew Spring","buyer","2025-04-06",NULL
189,"Shawn","Murphy","danielsmith@example.net","993-992-8456","20024 Palmer Run","buyer","2025-03-05",NULL
190,"Larry","Mcclure","dylanparker@example.com","550-589-20388065","53779 Christian Port","buyer","2025-10-20",NULL
191,"Christina","Barnes","danielwalter@example.org","83043379337563","0150 Douglas Mill","buyer","2023-07-01",NULL
192,"Brenda","Cannon","hesterjames@example.com","(234)425-8323","02615 Kevin Garden Suite 528","buyer","2025-11-04",NULL
193,"Whitney","Keith","wilsonnicole@example.org","2385655963","53042 Clark Common Suite 912","renter","2024-06-09",NULL
194,"Karen","Newman","victor72@example.com","001-558-577-7496903","63466 Selena Landing Suite 812","renter","2025-03-02",NULL
195,"Kenneth","Stone","brandymarshall@example.net","567-676-657546027","1488 Kristi Forks","seller","2023-03-17",NULL
196,"Charles","Johnson","matthewleonard@example.com","243-992-84044566","3337 Zachary Turnpike","seller","2024-07-27",NULL
197,"Taylor","Olsen","latoya53@example.com","001-763-777-80529240","6684 Matthews Port","seller","2025-04-08",NULL
198,"Sandra","Hernandez","ashley99@example.net","(663)361-86371597","82097 Jacob Cliff","seller","2025-08-24",NULL
199,"Paul","Harris","donna17@example.org","(980)325-6621286","23467 Cassandra Inlet Apt. 874","buyer","2023-07-09",NULL
200,"Vickie","Griffin","pjacobs@example.net","497-877-901475469","96762 Phillip Cape","buyer","2023-08-19",NULL
201,"Monica","Hill","elizabeth13@example.com","(281)951-185672438","76563 Johnson Glen","seller","2023-04-04",NULL
202,"Sally","Murphy","ewashington@example.org","+1-337-427-4220","86210 Hernandez Knolls Apt. 308","renter","2023-07-24",NULL
203,"Heather","Copeland","myerskyle@example.org","+1-200-263-3533106","13122 Robert Coves Suite 583","buyer","2024-10-14",NULL
204,"Sarah","Foster","nmartinez@example.org","(652)706-5063731","36497 Jennifer Turnpike","buyer","2025-11-19",NULL
205,"Melissa","Jackson","greenetina@example.net","(525)225-71509976","91436 Christine Circle","renter","2023-04-29",NULL
206,"Victor","Harris","charris@example.org","001-797-752-45086403","80339 Boyd Falls","renter","2024-03-28",NULL
207,"Adam","Kane","mckaybrett@example.org","3218298338","2336 Catherine Hollow Suite 973","renter","2023-09-23",NULL
208,"Kimberly","Miller","raymond27@example.com","(489)662-706614982","4746 Jones Dale Suite 323","renter","2022-12-04",NULL
209,"Michelle","Cross","travis66@example.net","(567)849-1601692","587 Horton Run Suite 633","renter","2024-05-06",NULL
210,"Sandra","Ward","terrydeanna@example.com","+1-872-343-9920116","2644 Willis Street","seller","2024-02-24",NULL
211,"Nancy","Luna","rodriguezashley@example.com","(343)364-0270","646 Gregory Ferry Apt. 372","renter","2024-06-02",NULL
212,"Daniel","Bradley","jacobbrown@example.org","001-334-767-91214161","377 Albert Grove","buyer","2025-03-02",NULL
213,"Adrian","Aguilar","davisalexa@example.org","(598)747-75965555","9055 Aaron Ways Suite 209","renter","2023-04-13",NULL
214,"Alyssa","Tapia","miguelmontgomery@example.net","98683050505739","6716 Lawson Station","seller","2023-05-05",NULL
215,"Abigail","Armstrong","andersonlaura@example.com","+1-887-227-178333211","6434 Lynn Skyway","buyer","2023-04-13",NULL
216,"Derek","Nichols","sdavis@example.com","5995156686","41115 Julie Crescent Suite 256","renter","2024-08-23",NULL
217,"Aaron","Brown","melaniewhitney@example.com","001-652-589-93160875","729 Thomas Shores Apt. 954","renter","2024-06-02",NULL
218,"Haley","Hill","nwelch@example.com","260-852-33027642","7566 Allison Haven Suite 386","renter","2023-03-16",NULL
219,"Marcus","Moody","hornjenna@example.com","+1-329-427-74233305","2015 White Center Apt. 859","buyer","2024-03-19",NULL
220,"Edgar","Sharp","austinallen@example.com","392-361-76475011","830 Hill Summit Apt. 926","renter","2024-05-13",NULL
221,"Deanna","Hamilton","corybrown@example.net","(360)568-8871","92087 Martinez Crossroad","seller","2024-08-21",NULL
222,"Denise","Miller","melissa01@example.org","445982603408487","598 Hailey Shore Apt. 303","seller","2023-05-04",NULL
223,"Melissa","Lewis","carrierobinson@example.com","329-661-8446267","283 Crystal Grove Apt. 598","renter","2024-09-23",NULL
224,"Robert","Hernandez","mgray@example.org","341-781-8615","2340 Nicholas Forges Suite 112","buyer","2024-06-29",NULL
225,"Nancy","Chapman","wdavis@example.net","001-848-449-1025","889 Woods Crossroad Suite 082","buyer","2024-11-19",NULL
226,"Douglas","Bradley","brian53@example.net","+1-567-627-5784468","6511 Jessica Course","seller","2023-05-29",NULL
